explained_variance: 0.2992
R^2: 0.2990679775586993
MAE: 22.30718453014693
MSE: 1237.2031089190045
RMSE: 35.17389811947212
MAPE: 70.92489340811642%
